AcceleratedOptimizer (
Parameter Group 0
    betas: (0.9, 0.999)
    eps: 1e-06
    k: 9240
    lr: 0.001
    lr_max: 0.000999951683918603
    r: 0.0
    train_mode: True
    warmup_steps: 0
    weight_decay: 0
    weight_lr_power: 2.0
    weight_sum: 0.008241096533198529
)